A = 
     0.816      0.991      0.564 
     0.412      0.012     0.0545 
     0.698      0.449      0.472 
     0.749      0.239       0.59 
     0.382      0.551      0.782 
Q = 
     0.573      0.595     -0.475 
     0.289     -0.461     -0.267 
      0.49     -0.113    -0.0613 
     0.526       -0.5       0.33 
     0.268      0.413      0.768 
R = 
      1.42       1.06       1.09 
         0      0.641      0.285 
         0          0      0.484 
QTQ =
         1  -4.16e-17  -2.22e-16 
 -4.16e-17          1   5.55e-17 
 -2.22e-16   5.55e-17          1 
Q*R = 
     0.816      0.991      0.564 
     0.412      0.012     0.0545 
     0.698      0.449      0.472 
     0.749      0.239       0.59 
     0.382      0.551      0.782 
 testing solve function: 
A = 
     0.544      0.475      0.785      0.863      0.348 
     0.668       0.43      0.092      0.099      0.373 
     0.652      0.303      0.664      0.507      0.906 
    0.0394      0.936      0.344      0.107     0.0281 
     0.576      0.827      0.408      0.726      0.016 
b = [0.528450575903268,0.829398573296796,0.166052121280717,0.0888262731436762,0.22866748004624]
x = [3.59778729652115,-1.06118395634691,4.09462708674098,-3.56025438554435,-3.05931328219253]
Ax = [0.528450575903267,0.829398573296794,0.166052121280718,0.0888262731436762,0.22866748004624]
 testing inverse function: 
A = 
     0.317      0.698       0.52      0.538       0.75 
     0.875      0.522      0.527      0.303      0.996 
     0.987      0.323      0.134       0.32      0.913 
     0.681      0.532      0.797       0.17     0.0849 
     0.732      0.685      0.294      0.511      0.846 
Q = 
     0.188      0.778    -0.0751      0.594    -0.0198 
     0.519    -0.0819      0.209   -0.00341      0.825 
     0.585     -0.513     -0.287      0.439     -0.345 
     0.404      0.136      0.761     -0.225     -0.435 
     0.434      0.325     -0.538     -0.636     -0.107 
R = 
      1.68        1.1        0.9      0.737       1.59 
         0       0.63      0.497      0.419       0.32 
         0          0      0.481     -0.215     -0.501 
         0          0          0     0.0957      0.286 
         0          0          0          0      0.364 
B = 
     -0.72     -0.982       1.42      0.814      0.179 
     -5.05       3.44      -6.63     -0.686       7.65 
      2.64     -0.249       1.73      0.883         -4 
      6.37      -6.82       7.42       1.22      -5.76 
   -0.0545       2.27     -0.949      -1.19     -0.295 
AB = 
         1   6.66e-16  -8.88e-16  -5.55e-16   2.78e-16 
 -4.79e-16          1  -5.55e-16   2.22e-16   8.88e-16 
    -5e-16          0          1  -2.22e-16   2.78e-16 
 -1.04e-16   8.33e-17  -9.71e-17          1   8.57e-16 
  3.19e-16   6.66e-16  -8.88e-16   2.22e-16          1 
