---- Creating symmetric matrix A and unit matrix I ----
A = 
         0          1          2          3          4 
         1          5          6          7          8 
         2          6          9         10         11 
         3          7         10         12         13 
         4          8         11         13         14 
I = 
         1          0          0          0          0 
         0          1          0          0          0 
         0          0          1          0          0 
         0          0          0          1          0 
         0          0          0          0          1 

----------------Calculating D, V and w----------------
D = 
     -1.62  -1.21e-15   1.15e-24   1.02e-08   4.79e-14 
  -1.4e-15      0.135          0    2.5e-13  -9.71e-17 
 -6.63e-17   2.31e-16      0.618   1.23e-15   4.64e-09 
  1.02e-08    2.5e-13   1.56e-15       1.12   1.85e-09 
  4.78e-14  -6.24e-16   4.64e-09   1.85e-09       39.7 
V = 
     0.795     -0.243      0.188     -0.507      0.133 
     0.304   -0.00179      0.491      0.746      0.332 
     0.188     -0.245     -0.795      0.239      0.465 
 -8.98e-10      0.802   6.47e-11     -0.241      0.546 
    -0.491     -0.487      0.304     -0.267      0.598 
w =      -1.62      0.135      0.618       1.12       39.7 

--------------Testing the implementation--------------
V*D*V^T = 
  1.78e-15          1          2          3          4 
         1          5          6          7          8 
         2          6          9         10         11 
         3          7         10         12         13 
         4          8         11         13         14 
It should equal:
A = 
         0          1          2          3          4 
         1          5          6          7          8 
         2          6          9         10         11 
         3          7         10         12         13 
         4          8         11         13         14 



V^T*A*V = 
     -1.62  -3.72e-15  -4.72e-16   1.02e-08   4.83e-14 
 -2.11e-15      0.135   -1.8e-15   2.48e-13   6.31e-16 
 -1.25e-16  -8.05e-16      0.618   1.52e-15   4.64e-09 
  1.02e-08   2.47e-13   2.07e-15       1.12   1.85e-09 
   4.8e-14          0   4.64e-09   1.85e-09       39.7 
It should equal:
D = 
     -1.62  -1.21e-15   1.15e-24   1.02e-08   4.79e-14 
  -1.4e-15      0.135          0    2.5e-13  -9.71e-17 
 -6.63e-17   2.31e-16      0.618   1.23e-15   4.64e-09 
  1.02e-08    2.5e-13   1.56e-15       1.12   1.85e-09 
  4.78e-14  -6.24e-16   4.64e-09   1.85e-09       39.7 



V^T*V = 
         1   5.55e-17   5.55e-17   1.39e-16   5.55e-17 
  5.55e-17          1  -5.55e-17   2.78e-17  -5.55e-17 
  5.55e-17  -5.55e-17          1   1.25e-16   1.94e-16 
  1.39e-16   2.78e-17   1.25e-16          1          0 
  5.55e-17  -5.55e-17   1.94e-16          0          1 
It should equal:
I = 
         1          0          0          0          0 
         0          1          0          0          0 
         0          0          1          0          0 
         0          0          0          1          0 
         0          0          0          0          1 
